222333333333333333332222222211111111111111111111111
223333333333333333333222222211111111111111111111111
233333344444443333333222222211111111111111111111111
233333444444444333333222222211111111111111111111111
333334444444444433333322222211111111111111111111111
333334444444444443333322222211111111111111111111111
333334444444444443333322222211111111111111111111111
333334444444444443333322222211111111111111111111111
333334444444444443333322222111111111111111111111111
333334444444444443333322222111111111111111111111111
333334444444444433333222222111111111111111111111111
233333444444444333333222222111111111111111111111111
223333344444443333332222222111111111111111111111111
223333333333333333332222222111111111111111111111111
222333333333333333322222222211111111111111111111111
222233333333333332222222222211111111111111111111111
222223333333333322222222222221111111111111111111111
222222223333332222222222222222222111111111111111111
122222222222222222222222222222222221111111111111111
111222222222222222222222222222222222221111111111111
111122222222222222222222222222222222222111111111111
111111222222222222222222222222222222222221111111111
111111112222222222222222222222222222222222222211111
111111111112222222222222222222222222222222222222211
111111111111122222222222222222222222222222222222222
111111111111112222222222222222222222233333333222222
111111111111111122222222222222222223333333333332222
111111111111111112222222222222222233333333333333222
111111111111111112222222222222222333333333333333322
111111111111111112222222222222223333333333333333322
111111111111111111222222222222233333334444443333322
111111111111111111122222222222233333344444444333332
111111111111111111112222222222333333444444444333332
111111111111111111111222222223333334444444444433333
111111111111111111111122222223333344444444444443333
111111111111111111111122222223333344444444444443333
111111111111111111111112222223333344444444444443333
111111111111111111111111222223333334444444444433333
111111111111111111111111222223333334444444444433333
111111111111111111111111122222333333444444444333332
111111111111111111111111122222233333344444444333332
111111111111111111111111112222233333334444443333322
111111111111111111111111112222223333333333333333222
111111111111111111111111111222222333333333333333222
111111111111111111111111111222222223333333333322222
111111111111111111111111111222222222233333333322222
111111111111111111111111111122222222222333322222222
111111111111111111111111111111222222222222222222222
111111111111111111111111111111112222222222222222222
111111111111111111111111111111111122222222222222221
