00000000000000000011111111122222222233333322222222
00000000000000000011111111222222223333333333222222
00000000000000000111111112222222333333333333332222
00000000000000000111111112222223333333333333333222
00000000000000000111111122222233333333333333333322
00000000000000001111111122222233333334444333333322
00000000000000011111111122222333333444444443333332
00000000000000011111111222222333334444444444333332
00000000000000111111111222223333334444444444333333
00000000000001111111111222223333344444444444433333
00000000000011111111112222223333344444444444433333
00000000000111111111112222223333344444444444433333
00000000001111111111112222223333344444444444433333
00000000011111111111112222223333334444444444333333
00000001111111111111122222223333334444444444333332
00000111111111111111222222223333333444444443333332
11111111111111111112222222223333333334444333333322
11111111111111111122222222222333333333333333333322
11111111111111122222222222222333333333333333333222
11111111112222222222222222222233333333333333332222
11111111222222222222222222222223333333333333222222
11111122222222222222222222222222233333333322222222
11112222222222222222222222222222222222222222222221
11122222222222222222222222222222222222222222222211
11222222222233333333322222222222222222222222222111
12222222223333333333333222222222222222222222211111
12222222333333333333333322222222222222222211111111
22222223333333333333333332222222222222111111111111
22222233333333333333333332222222222221111111111111
22222233333334444333333333222222222211111111111111
22222333333444444443333333222222222211111111111000
22222333334444444444333333222222221111111111110000
22223333334444444444333333222222221111111111000000
22223333344444444444433333222222111111111100000000
22223333344444444444433333222222111111111100000000
22223333344444444444433333222222111111111000000000
22223333344444444444433333222221111111110000000000
22223333334444444444333333222221111111100000000000
22222333334444444444333332222221111111100000000000
22222333333444444443333332222211111111000000000000
22222233333334444333333322222211111110000000000000
22222233333333333333333322222211111110000000000000
22222223333333333333333222222111111110000000000000
12222222333333333333332222221111111110000000000000
12222222223333333333222222221111111110000000000000
11222222222233333322222222211111111110000000000000
11122222222222222222222222111111111100000000000000
11112222222222222222222221111111111100000000000000
11111122222222222222222111111111111100000000000000
11111111222222222222211111111111111000000000000000
