55555555555555555555555555566666666677777766666666
55555555555555555555555555666666667777777777666666
55555555555555555555555556666666777777777777776666
55555555555555555555555556666667777777777777777666
55555555555555555555555566666677777777777777777766
55555555555555555555555566666677777778888777777766
55555555555555555555555566666777777888888887777776
55555555555555555555555666666777778888888888777776
55555555555555555555555666667777778888888888777777
55555555555555555555555666667777788888888888877777
55555555555555555555556666667777788888888888877777
55555555555555555555556666667777788888888888877777
55555555555555555555556666667777788888888888877777
55555555555555555555556666667777778888888888777777
55555555555555555555566666667777778888888888777776
55555555555555555555666666667777777888888887777776
55555555555555555556666666667777777778888777777766
55555555555555555566666666666777777777777777777766
55555555555555566666666666666777777777777777777666
55555555556666666666666666666677777777777777776666
55555555666666666666666666666667777777777777666666
55555566666666666666666666666666677777777766666666
55556666666666666666666666666666666666666666666665
55566666666666666666666666666666666666666666666655
55666666666677777777766666666666666666666666666555
56666666667777777777777666666666666666666666655555
56666666777777777777777766666666666666666655555555
66666667777777777777777776666666666666555555555555
66666677777777777777777776666666666665555555555555
66666677777778888777777777666666666655555555555555
66666777777888888887777777666666666655555555555555
66666777778888888888777777666666665555555555555555
66667777778888888888777777666666665555555555555555
66667777788888888888877777666666555555555555555555
66667777788888888888877777666666555555555555555555
66667777788888888888877777666666555555555555555555
66667777788888888888877777666665555555555555555555
66667777778888888888777777666665555555555555555555
66666777778888888888777776666665555555555555555555
66666777777888888887777776666655555555555555555555
66666677777778888777777766666655555555555555555555
66666677777777777777777766666655555555555555555555
66666667777777777777777666666555555555555555555555
56666666777777777777776666665555555555555555555555
56666666667777777777666666665555555555555555555555
55666666666677777766666666655555555555555555555555
55566666666666666666666666555555555555555555555555
55556666666666666666666665555555555555555555555555
55555566666666666666666555555555555555555555555555
55555555666666666666655555555555555555555555555555
